00684547
00140380
00399773
00375302
00311030
00126229
00160612
00164469
00148328
00144155
00130949
00148717
00838421
00156044
00109170
00569992
00598587
00159290
00609485
00389387
00207755
00132318
00267881
00601191
00148443
00148939
01255652
00664181
00396925
00447760
00763473
00609324
00260879
00132354
00631837
01407909
00648721
00266943
01046708
01267684
00101628
00974927
00258689
00152686
00162993
00411385
00398792
00220686
00673976
00857727
00146269
00369170
00153126
00223434
00325112
00599957
00860332
00138297
00807379
00105952
00378628
00897752
00405320
00134963
00157070
01032486
00117577
00181299
00165680
00176516
00684714
00126371
00593032
00155151
00138446
00269612
00759294
00445799
00138701
00623661
00159102
00226866
00122898
00808022
00939331
01077577
00231372
00540340
00188089
00106368
00261285
01291317
00154718
00125646
00131692
00422284
00348034
00439965
00628860
00260383
01301252
00604426
00145109
00161781
00980122
00500254
00347062
00177816
00246417
00120021
00201788
00432102
00231664
00369657
00170558
00269940
00204262
00306162
00106641
00261355
00164724
00148364
00997812
00666064
01397620
01128613
00760971
00551920
00138279
00145552
00116949
00111722
01080252
00583424
00113997
00173032
00480455
00389970
00390365
00456218
00531917
00490151
00231105
01350869
00564562
00353762
00409672
00372253
00468374
00618401
00266961
00858364
00161693
00147994
00139214
01135941
00878696
00595191
00612294
00264547
00150165
00165060
00767460
00152729
00360595
00208444
00554024
00428251
00447609
00106119
00140964
00106669
00156895
00380429
01323032
00173078
00776820
00550994
01566248
00127954
00341916
00838962
00110051
00132992
01137383
00117027
00120508
00132105
00163682
00409681
00164779
00260930
00171636
00181712
00632304
00198378
00159412
00115931
00148984
00857480
00983040
01181515
00265324
01204056
00577380
00164788
01074862
00124504
00145163
00264255
00269922
00557508
00135795
00161125
00138792
00159193
00105271
00124197
00264945
01205851
01010642
00260408
00415594
00362238
00125150
01159853
01234507
00453929
00670340
00239639
00580199
00877059
01319899
00141246
00105855
00120571
00313649
00231363
00303873
00161383
00172680
00104388
01078178
01095722
00481454
00113410
00216762
00660750
00124540
00412597
01316245
00111810
00159209
00258801
00427483
00445054
00155319
00157681
00872984
01090471
00385336
00126487
00141389
01568413
00207375
01011526
00310156
00119007
00156956
00136086
00326731
00228059
00117212
01152470
00247975
00158909
00878915
00263654
00128412
00164973
00536541
00688996
00296078
00871833
00151128
00447575
00526599
00186799
00114792
00126186
00107987
00223762
00216647
00149354
00152862
00357740
00126292
00137252
00140177
00150633
00556907
01203808
00155276
01316254
00927558
00613318
00423609
00113234
00121941
00242378
00158149
00303794
00545734
00397252
00108913
00254045
01168684
00116824
00956930
01238169
00118026
00184667
00125521
00131832
00101549
00114808
00614478
00656289
00164645
00123718
00141149
00161046
00854997
00157399
00549925
00210740
00216027
00541349
00359395
00937324
00992871
01012066
00128111
00130763
00219574
00153375
01009789
01412725
00488402
00113261
01274329
00141307
00203315
01008762
00126779
00191472
00788773
00104856
00105961
00126256
00126478
00136378
00103006
00105466
00525934
00146861
00317104
00372226
00535481
00540447
00117188
01237540
00155212
01025644
01011395
00164672
01263022
00219097
00161426
00362292
00119195
00106623
00172228
00375931
01099667
00977650
00440712
00103635
00159616
00164742
00842619
01310269
00524421
00356370
00693554
00571483
00527491
00522007
00526951
00111704
00296290
00164618
00163673
00128607
01244601
00110431
00127200
00176835
00361008
00109019
00549891
00152589
01133217
00579980
01311055
01327746
00115676
00120030
00255275
00134510
00166315
00330424
00300548
00406046
00530185
00244561
00235147
00410915
00643656
00631518
00635134
00759513
01267170
00137915
00123143
00160843
00687711
01214743
00493185
00160302
00606886
00164478
00401731
01316227
00561866
00113225
00545929
00339391
00411048
00148276
00309503
00245472
00363769
00162461
00137289
00158501
00159786
00683469
00972503
00413046
00161709
00399694
00407814
00633835
00552859
00811372
00919966
00970453
01067516
01276327
01311408
00180263
00340917
00888347
00158307
00113207
00146454
00130772
01336373
00124106
00153393
01251595
00923792
00535746
00400857
00149947
00107224
00108135
00411808
00125530
00129679
00585608
00138242
00244455
00146214
00255619
00525679
00356802
00107598
00298270
00105873
00164876
00126362
00126308
00121543
00925374
00787057
00141529
00503668
00608802
01386916
00486097
00405278
00124726
01029394
00226352
00131780
00364467
00302926
00273110
01489648
01110678
00195229
00426086
00159342
00531014
00120562
00398701
00838005
01256864
00104573
00113243
00144243
00120076
00260958
00159795
00382199
00492894
00145260
01274310
00108241
00117276
00120526
00144395
00149655
00165413
00131504
01108442
00152127
00190321
00198697
00361381
00356361
00365590
00163691
00150244
00480367
00795135
00425351
00828497
01205709
01390344
00140955
00197476
00563545
00957735
00120924
01261644
00117179
01335851
00126380
00173874
00299002
01061558
00896285
01042775
00674498
00361725
01011438
00113058
00148540
00917861
00126566
00565154
00171265
00138224
00130383
01360875
00120182
00238001
01258507
00199252
00125080
00261373
00164830
00102858
01596425
00244747
00409788
00728638
00115977
00117300
00252135
00113526
00227333
00132637
00318316
00139454
00139889
00146083
00133858
00137359
00149646
00154462
00525642
00148896
00153861
00541163
00159023
00569691
00162586
00572905
00163114
00164636
00100601
01096341
00234412
00989619
01456011
00301246
00358271
00109189
00126937
00579999
01319808
01061327
00268002
00105280
00187415
00128546
00238782
00148993
00357430
00117337
00159740
00160047
00243067
01160363
00122737
01108248
00293886
00280688
00406329
00412348
01365825
00181934
00523307
00415868
00126955
00134477
00526836
00344287
00480048
01032404
00261443
00108746
00219848
00159810
01182444
00653103
00402989
00815767
00476498
01010110
01288827
01515323
00585219
00349732
00159218
00292434
01524093
00118804
01267602
00155948
00160588
00106395
00139719
00362201
00112004
00876908
00444329
01179617
00547583
00158325
00145880
00143226
00904672
00111847
00103592
01235296
00164609
00109693
